4 0.01 0.4 100
4 0.4 0.4 200
4 0.6 0.4 200
5 0.2 0.4 200
5 0.4 0.4 200
5 0.6 0.4 200
6 0.2 0.4 200
6 0.4 0.4 200
6 0.6 0.4 200
7 0.2 0.4 200
7 0.4 0.4 200
7 0.6 0.4 200
8 0.2 0.4 200
8 0.4 0.4 200
8 0.6 0.4 200
9 0.2 0.4 200
9 0.4 0.4 200
9 0.6 0.4 200
10 0.2 0.4 200
10 0.4 0.4 200
10 0.6 0.4 200
8 0.01 0.4 200
8 0.02 0.4 200
8 0.03 0.4 200
8 0.04 0.4 200
8 0.05 0.4 200
8 0.06 0.4 200
8 0.07 0.4 200
8 0.08 0.4 200
8 0.09 0.4 200
8 0.1 0.4 200
8 0.11 0.4 200
8 0.12 0.4 200
8 0.13 0.4 200
8 0.14 0.4 200
8 0.15 0.4 200
8 0.16 0.4 200
8 0.17 0.4 200
8 0.18 0.4 200
8 0.19 0.4 200
8 0.2 0.4 200
8 0.21 0.4 200
8 0.22 0.4 200
8 0.23 0.4 200
8 0.24 0.4 200
8 0.25 0.4 200
8 0.26 0.4 200
8 0.27 0.4 200
8 0.28 0.4 200
8 0.29 0.4 200
8 0.3 0.4 200
8 0.31 0.4 200
8 0.32 0.4 200
8 0.33 0.4 200
8 0.34 0.4 200
8 0.35 0.4 200
8 0.36 0.4 200
8 0.37 0.4 200
8 0.38 0.4 200
8 0.39 0.4 200
8 0.4 0.4 200
8 0.41 0.4 200
8 0.42 0.4 200
8 0.43 0.4 200
8 0.44 0.4 200
8 0.45 0.4 200
8 0.46 0.4 200
8 0.47 0.4 200
8 0.48 0.4 200
8 0.49 0.4 200
8 0.5 0.4 200
8 0.51 0.4 200
8 0.52 0.4 200
8 0.53 0.4 200
8 0.54 0.4 200
8 0.55 0.4 200
8 0.56 0.4 200
8 0.57 0.4 200
8 0.58 0.4 200
8 0.59 0.4 200
8 0.6 0.4 200
8 0.61 0.4 200
8 0.62 0.4 200
8 0.63 0.4 200
8 0.64 0.4 200
8 0.65 0.4 200
8 0.66 0.4 200
8 0.67 0.4 200
8 0.68 0.4 200
8 0.69 0.4 200
8 0.7 0.4 200
8 0.71 0.4 200
8 0.72 0.4 200
8 0.73 0.4 200
8 0.74 0.4 200
8 0.75 0.4 200
8 0.76 0.4 200
8 0.77 0.4 200
8 0.78 0.4 200
8 0.79 0.4 200
8 0.8 0.4 200
8 0.81 0.4 200
8 0.82 0.4 200
8 0.83 0.4 200
8 0.84 0.4 200
8 0.85 0.4 200
8 0.86 0.4 200
8 0.87 0.4 200
8 0.88 0.4 200
8 0.89 0.4 200
8 0.9 0.4 200
8 0.91 0.4 200
8 0.92 0.4 200
8 0.93 0.4 200
8 0.94 0.4 200
8 0.95 0.4 200
8 0.96 0.4 200
8 0.97 0.4 200
8 0.98 0.4 200
8 0.99 0.4 200
8 1 0.4 200
8 0.4 0.01 200
8 0.4 0.02 200
8 0.4 0.03 200
8 0.4 0.04 200
8 0.4 0.05 200
8 0.4 0.06 200
8 0.4 0.07 200
8 0.4 0.08 200
8 0.4 0.09 200
8 0.4 0.1 200
8 0.4 0.11 200
8 0.4 0.12 200
8 0.4 0.13 200
8 0.4 0.14 200
8 0.4 0.15 200
8 0.4 0.16 200
8 0.4 0.17 200
8 0.4 0.18 200
8 0.4 0.19 200
8 0.4 0.2 200
8 0.4 0.21 200
8 0.4 0.22 200
8 0.4 0.23 200
8 0.4 0.24 200
8 0.4 0.25 200
8 0.4 0.26 200
8 0.4 0.27 200
8 0.4 0.28 200
8 0.4 0.29 200
8 0.4 0.3 200
8 0.4 0.31 200
8 0.4 0.32 200
8 0.4 0.33 200
8 0.4 0.34 200
8 0.4 0.35 200
8 0.4 0.36 200
8 0.4 0.37 200
8 0.4 0.38 200
8 0.4 0.39 200
8 0.4 0.4 200
8 0.4 0.41 200
8 0.4 0.42 200
8 0.4 0.43 200
8 0.4 0.44 200
8 0.4 0.45 200
8 0.4 0.46 200
8 0.4 0.47 200
8 0.4 0.48 200
8 0.4 0.49 200
8 0.4 0.5 200
8 0.4 0.51 200
8 0.4 0.52 200
8 0.4 0.53 200
8 0.4 0.54 200
8 0.4 0.55 200
8 0.4 0.56 200
8 0.4 0.57 200
8 0.4 0.58 200
8 0.4 0.59 200
8 0.4 0.6 200
8 0.4 0.61 200
8 0.4 0.62 200
8 0.4 0.63 200
8 0.4 0.64 200
8 0.4 0.65 200
8 0.4 0.66 200
8 0.4 0.67 200
8 0.4 0.68 200
8 0.4 0.69 200
8 0.4 0.7 200
8 0.4 0.71 200
8 0.4 0.72 200
8 0.4 0.73 200
8 0.4 0.74 200
8 0.4 0.75 200
8 0.4 0.76 200
8 0.4 0.77 200
8 0.4 0.78 200
8 0.4 0.79 200
8 0.4 0.8 200
8 0.4 0.81 200
8 0.4 0.82 200
8 0.4 0.83 200
8 0.4 0.84 200
8 0.4 0.85 200
8 0.4 0.86 200
8 0.4 0.87 200
8 0.4 0.88 200
8 0.4 0.89 200
8 0.4 0.9 200
8 0.4 0.91 200
8 0.4 0.92 200
8 0.4 0.93 200
8 0.4 0.94 200
8 0.4 0.95 200
8 0.4 0.96 200
8 0.4 0.97 200
8 0.4 0.98 200
8 0.4 0.99 200
8 0.4 1 200
8 0.2 0.4 150
8 0.4 0.4 150
8 0.6 0.4 150
8 0.2 0.4 200
8 0.4 0.4 200
8 0.6 0.4 200
8 0.2 0.4 250
8 0.4 0.4 250
8 0.6 0.4 250
8 0.2 0.4 300
8 0.4 0.4 300
8 0.6 0.4 300
8 0.2 0.4 350
8 0.4 0.4 350
8 0.6 0.4 350
8 0.2 0.4 400
8 0.4 0.4 400
8 0.6 0.4 400
8 0.2 0.4 450
8 0.4 0.4 450
8 0.6 0.4 450
8 0.2 0.4 500
8 0.4 0.4 500
8 0.6 0.4 500